(7, 3),345.304351739
(200, 2),374.9087638
(303, 2),322.943485752
(201, 3),336.66157817
(43, 3),332.89328054
(130, 1),250.804905568
(154, 2),317.988003264
(252, 2),318.903569781
(292, 3),315.646573152
(253, 3),368.706865427
(95, 3),345.009594925
(182, 1),334.253372066
(206, 2),326.140263588
(293, 2),375.846307418
(218, 1),317.522802374
(242, 2),336.946500124
(84, 2),335.023341665
(195, 1),368.753821018
(282, 3),318.4610219
(14, 1),70.1269939905
(38, 2),327.543512597
(120, 2),320.458021971
(223, 2),317.173841225
(247, 1),332.064776779
(50, 1),235.36580161
(193, 2),366.133201942
(3, 2),345.539741371
(212, 3),316.674652532
(102, 1),276.170669138
(276, 1),377.980311409
(55, 2),323.393780031
(79, 1),293.394139956
(248, 3),381.845611371
(249, 2),351.580433751
(91, 2),334.610938487
(115, 1),309.062532991
(202, 3),341.924015533
(289, 1),319.846718117
(44, 3),346.788800158
(45, 2),364.398799333
(254, 3),373.143115482
(80, 3),334.815415874
(144, 1),396.758004428
(93, 2),339.884691644
(196, 1),324.288652977
(283, 3),352.661571702
(237, 1),311.036653408
(232, 1),333.104080756
(209, 1),319.582649122
(273, 3),323.091942064
(5, 1),41.9578482479
(64, 1),266.448835242
(167, 3),330.124100318
(278, 2),325.971108775
(41, 1),325.701564922
(116, 1),348.054833434
(203, 3),344.921715171
(290, 1),304.596724359
(156, 2),344.884017907
(267, 1),356.139442052
(255, 3),317.073653608
(192, 2),360.53774605
(295, 2),338.744804606
(193, 3),311.017768667
(244, 2),372.828873792
(284, 3),337.018449243
(245, 3),346.41038305
(198, 2),347.734881734
(285, 2),342.609525033
(210, 1),306.803753836
(234, 2),320.173588719
(76, 2),353.02615183
(187, 1),350.226793228
(274, 3),325.612164473
(77, 3),348.172311054
(6, 1),389.102995943
(215, 2),318.029145294
(239, 1),355.293856233
(42, 1),266.938305934
(66, 2),333.929962135
(251, 2),350.716041557
(19, 1),179.415808096
(204, 3),357.15903219
(94, 1),208.43962079
(118, 2),335.474081231
(268, 1),316.500964968
(47, 2),343.682864956
(71, 1),339.337069498
(240, 3),359.651393466
(304, 1),324.498582519
(83, 2),358.452530334
(107, 1),279.966109169
(194, 3),369.788920959
(281, 1),332.64410411
(36, 3),389.275108178
(132, 2),339.031024672
(37, 2),358.481315603
(246, 3),351.216614911
(72, 3),334.169199404
(284, 2),320.588382812
(292, 1),367.040811877
(188, 1),315.583319943
(275, 3),352.21872858
(78, 3),358.811685096
(224, 1),312.02814862
(201, 1),321.272223837
(265, 3),359.556397303
(20, 1),251.151495578
(253, 1),322.544514192
(56, 1),342.003213503
(270, 2),331.621797642
(168, 2),373.780058726
(108, 1),336.681218301
(195, 3),320.110499307
(282, 1),326.897492806
(306, 2),505.087223409
(259, 1),333.452699926
(247, 3),360.367076658
(184, 2),343.196603192
(287, 2),343.92197679
(185, 3),342.831501684
(236, 2),319.987863847
(276, 3),320.956738856
(237, 3),350.814227958
(79, 3),332.988083416
(190, 2),351.785813592
(277, 2),348.567811457
(16, 2),352.626068243
(143, 1),287.844290883
(17, 3),343.541566034
(115, 3),322.72022992
(202, 1),328.081968519
(226, 2),317.492334789
(68, 2),325.2386603
(155, 2),338.242956461
(266, 3),346.701799169
(69, 3),330.672318277
(254, 1),325.325737263
(22, 2),331.48525962
(104, 2),356.906670537
(207, 2),353.481331306
(231, 1),318.515852568
(144, 3),361.9848709
(105, 3),342.776327117
(58, 2),346.813228483
(243, 2),317.305500514
(11, 1),346.662502399
(196, 3),358.828222322
(197, 2),352.835153822
(39, 2),335.724952978
(63, 1),290.857196521
(232, 3),317.586102138
(268, 2),360.967449113
(233, 2),364.679036385
(213, 2),377.200101718
(186, 3),323.738747573
(273, 1),333.045427186
(238, 3),383.047300037
(64, 3),337.302838276
(128, 1),311.15183435
(18, 3),327.163452129
(116, 3),330.160363481
(117, 2),333.379428458
(267, 3),344.517808414
(70, 3),328.017592671
(216, 1),322.523138502
(106, 3),394.504055859
(256, 2),357.957962121
(257, 3),334.992972299
(12, 1),196.491187523
(245, 1),335.274109595
(304, 2),334.714314404
(48, 1),334.624003613
(262, 2),318.482897796
(187, 3),323.91414536
(274, 1),329.314227627
(298, 2),343.254808565
(77, 1),402.363306393
(141, 3),392.98094679
(239, 3),330.740358121
(279, 2),332.985819187
(303, 1),169.008984772
(19, 3),352.051494447
(130, 2),354.44018721
(228, 2),325.181031637
(268, 3),333.906843995
(229, 3),324.771854928
(71, 3),334.142525654
(182, 2),333.471982838
(269, 2),359.957837142
(8, 2),347.614483275
(304, 3),327.177470938
(9, 3),362.390092053
(107, 3),335.355796565
(194, 1),324.590748155
(218, 2),341.596803699
(305, 2),331.042856854
(60, 2),378.869024135
(258, 3),366.365030342
(246, 1),322.254213842
(14, 2),360.094116716
(96, 2),346.583999847
(199, 2),353.926706901
(223, 1),354.085684806
(50, 2),336.267908578
(260, 1),424.470444632
(235, 2),338.053927058
(3, 1),115.804795692
(188, 3),374.852210434
(300, 1),224.465259368
(78, 1),349.586223815
(102, 2),361.665760532
(189, 2),345.547751524
(55, 1),270.815663139
(142, 3),332.915787421
(224, 3),330.177085165
(225, 2),357.94096589
(67, 2),373.3877117
(91, 1),342.899463569
(265, 1),313.520878531
(20, 3),365.525424266
(21, 2),329.961979185
(119, 2),379.716922267
(230, 3),323.791558686
(56, 3),341.760814101
(57, 2),334.743412502
(10, 3),374.554170632
(108, 3),342.150679583
(81, 2),331.514171013
(259, 3),335.872005578
(225, 1),319.78475098
(208, 1),324.919306804
(185, 1),316.119788009
(4, 1),156.578684645
(300, 2),309.307570774
(301, 3),313.299531891
(40, 1),242.188656075
(143, 3),327.658942695
(17, 1),174.380410496
(92, 1),258.489761687
(266, 1),312.039587957
(290, 2),342.47965743
(69, 1),240.794052271
(231, 3),348.930125537
(105, 1),298.413520234
(271, 2),340.244413589
(295, 1),291.20487508
(11, 3),338.263059958
(220, 2),331.619687959
(307, 2),300.035602416
(260, 3),341.236000795
(221, 3),374.561782404
(63, 3),388.231574766
(261, 2),329.867780265
(1, 3),261.516511883
(186, 1),315.230874066
(210, 2),324.490530209
(297, 2),307.821143395
(52, 2),350.740191371
(53, 3),330.059070797
(238, 1),318.407120229
(6, 2),315.788612482
(191, 2),316.424049352
(215, 1),372.569834287
(302, 3),324.175118406
(128, 3),346.822952853
(89, 3),437.171201902
(18, 1),228.256365143
(42, 2),321.44801913
(129, 2),337.344218618
(227, 2),341.587440095
(251, 1),331.822523047
(180, 3),339.899447498
(70, 1),287.53443662
(94, 2),343.674831239
(23, 2),343.808267513
(47, 1),270.191647205
(216, 3),404.273574979
(106, 1),311.470940712
(280, 1),331.603982849
(59, 2),348.929840672
(83, 1),307.029102964
(257, 1),316.482434242
(12, 3),332.035646382
(65, 2),378.081061483
(13, 2),346.514273573
(222, 3),367.722375855
(48, 3),336.025435533
(272, 2),377.236383148
(217, 2),351.294198751
(54, 3),353.892401648
(141, 1),246.560938251
(200, 1),328.480991537
(303, 3),282.260462747
(90, 3),347.037251768
(252, 1),328.912466793
(229, 1),340.215231391
(293, 3),335.952848818
(9, 1),70.9183811766
(180, 1),347.619234071
(84, 1),343.625840857
(258, 1),324.298666208
(282, 2),337.848035833
(283, 1),368.590795049
(120, 1),317.143413685
(223, 3),356.468537096
(263, 2),370.900662492
(287, 1),321.168289902
(3, 3),141.537993572
(212, 2),358.091794354
(299, 2),320.16836628
(213, 3),328.790904095
(55, 3),331.714906037
(142, 1),325.864360656
(248, 2),311.540993584
(288, 3),319.44266354
(249, 3),358.563246795
(91, 3),331.242672678
(202, 2),340.201895056
(289, 2),320.561791214
(44, 2),387.490645339
(131, 2),324.729827363
(155, 1),260.525874837
(45, 3),346.76838107
(230, 1),325.166791414
(254, 2),362.022008664
(80, 2),375.759311058
(183, 2),321.669745824
(207, 1),333.03059
(294, 3),342.202338126
(81, 3),384.450048775
(10, 1),158.380591789
(219, 2),316.113887116
(243, 1),316.012504187
(15, 2),345.979771821
(39, 1),244.302051877
(208, 3),370.640137533
(193, 1),314.274100835
(272, 1),322.678729
(264, 1),413.946424621
(51, 2),341.716346445
(4, 3),204.929856637
(5, 2),385.301483565
(103, 2),321.274826634
(214, 3),334.789564209
(301, 1),332.292202879
(40, 3),344.258593095
(41, 2),362.421534015
(250, 3),311.499827249
(92, 3),360.603233209
(156, 1),302.820977567
(46, 3),326.459177621
(192, 1),373.197695779
(295, 3),301.261206502
(82, 3),342.82919584
(93, 1),327.047252836
(244, 1),352.2659473
(221, 1),338.997511994
(285, 3),315.041509275
(76, 1),276.586170636
(274, 2),390.395651935
(53, 1),306.328120304
(215, 3),345.878954014
(302, 1),306.405309286
(89, 1),329.442472698
(279, 1),375.462855047
(251, 3),314.051777768
(204, 2),382.078688896
(291, 2),349.623647942
(205, 3),316.816542685
(47, 3),369.158512077
(240, 2),313.953604024
(280, 3),379.669718698
(241, 3),336.871266823
(83, 3),342.457604115
(194, 2),329.325656725
(281, 2),334.210603253
(36, 2),329.27562051
(37, 3),334.999597289
(222, 1),329.340118257
(246, 2),336.110673747
(72, 2),332.66240694
(199, 1),332.01957855
(286, 3),323.220851704
(211, 2),372.86282066
(235, 1),313.532504733
(54, 1),297.731370537
(78, 2),345.259103874
(7, 2),148.619405912
(200, 3),319.633750648
(90, 1),338.392020123
(201, 2),351.70739319
(43, 2),339.877653479
(67, 1),300.617687299
(154, 3),332.184918613
(252, 3),356.936263331
(253, 2),329.306864649
(95, 2),380.769469431
(119, 1),296.518595895
(206, 3),334.478556298
(293, 1),372.242325281
(242, 3),350.561273293
(84, 3),341.607054767
(38, 3),354.282539698
(120, 3),341.904493416
(292, 2),325.297043043
(184, 1),361.230664198
(287, 3),317.451024915
(236, 1),399.705244358
(276, 2),352.973042367
(277, 3),323.963752789
(16, 1),110.740855255
(249, 1),326.374138922
(68, 1),373.970375577
(155, 3),341.919187494
(266, 2),331.517860278
(45, 1),348.993079777
(104, 1),337.902335756
(207, 3),336.083250241
(294, 1),324.422058872
(144, 2),355.152273903
(271, 1),336.264282655
(243, 3),378.196610088
(196, 2),323.059581601
(283, 2),340.82643141
(307, 1),375.097652153
(197, 3),382.029712942
(39, 3),383.160824669
(232, 2),371.405745801
(272, 3),321.706891493
(233, 3),325.633270576
(186, 2),349.119521787
(273, 2),354.7119466
(214, 1),335.200701928
(238, 2),329.585273924
(64, 2),340.33250605
(167, 2),365.154904295
(191, 1),352.295491828
(278, 3),352.648819678
(65, 3),327.153031429
(250, 1),309.892047604
(18, 2),361.299913633
(116, 2),350.344635111
(203, 2),320.323617429
(227, 1),321.181270953
(156, 3),330.344285964
(117, 3),385.543809592
(46, 1),346.387654566
(70, 2),331.37872238
(255, 2),339.89752087
(23, 1),219.13111002
(192, 3),371.267289692
(82, 1),295.327310822
(106, 2),336.498565411
(256, 1),321.024182868
(59, 1),348.837962306
(244, 3),344.820236126
(132, 1),342.904447169
(245, 2),334.607753679
(198, 3),343.037263575
(285, 1),323.222200139
(213, 1),363.915538478
(221, 2),328.76964996
(234, 3),341.973183312
(76, 3),333.564541291
(77, 2),347.169415429
(279, 3),318.94736765
(66, 3),351.736240987
(228, 1),331.286514143
(118, 3),333.983785916
(205, 1),326.491698781
(269, 3),352.803227834
(8, 1),362.002407599
(241, 1),327.270218975
(168, 1),290.272744963
(305, 3),243.268919322
(60, 1),330.256112088
(258, 2),327.111657908
(37, 1),291.639489005
(96, 1),340.761988513
(199, 3),326.019213965
(286, 1),288.423076395
(263, 1),319.723629437
(235, 3),335.790640023
(188, 2),315.243611272
(275, 2),333.745912818
(299, 1),282.647122368
(189, 3),379.441334213
(142, 2),368.856375119
(224, 2),344.252985288
(264, 3),319.629861902
(225, 3),351.769262597
(67, 3),338.481083722
(154, 1),321.144168541
(265, 2),305.591292738
(20, 2),338.039700532
(131, 1),285.860939006
(21, 3),328.31215102
(119, 3),325.323037912
(206, 1),344.850917443
(230, 2),326.469317263
(56, 2),363.153103604
(183, 1),319.829084226
(270, 3),335.414293385
(57, 3),346.183501037
(242, 1),336.470723647
(10, 2),101.777007661
(108, 2),339.289374591
(195, 2),325.605745764
(219, 1),330.403090718
(306, 3),178.063216149
(38, 1),312.016432052
(247, 2),331.973277565
(15, 1),164.807046231
(184, 3),326.003005109
(260, 2),340.933749458
(185, 2),334.877391442
(205, 2),353.16969264
(51, 1),332.171790726
(236, 3),335.227756643
(237, 2),319.625129546
(79, 2),343.650709335
(103, 1),285.406019896
(190, 3),318.021945842
(277, 1),368.64051509
(16, 3),341.03603689
(17, 2),339.643475687
(115, 2),340.08281142
(226, 3),350.59357015
(68, 3),379.984440142
(69, 2),360.014088647
(22, 3),330.816038245
(104, 3),332.890873594
(105, 2),330.640602553
(271, 3),341.147604615
(58, 3),329.779085742
(81, 1),290.82116088
(220, 1),329.83083995
(307, 3),322.604711638
(197, 1),349.178691971
(261, 3),362.300331381
(241, 2),329.984572013
(233, 1),321.176351517
(297, 3),349.625545648
(52, 1),349.903432749
(191, 3),366.636399475
(278, 1),316.306988175
(302, 2),199.023250841
(128, 2),322.22466122
(129, 3),327.010571904
(227, 3),345.466520601
(180, 2),342.504627533
(267, 2),339.431982799
(291, 1),292.772425224
(23, 3),347.494323502
(216, 2),323.477584546
(256, 3),322.835392619
(217, 3),321.489975066
(59, 3),345.997776512
(257, 2),318.416601126
(12, 2),343.983812089
(13, 3),370.67406011
(198, 1),350.51984561
(222, 2),322.367411617
(48, 2),341.617375342
(262, 3),359.558632344
(234, 1),346.513179156
(187, 2),377.490951407
(211, 1),325.420303371
(298, 3),295.661431506
(54, 2),341.271809841
(141, 2),334.236502476
(239, 2),340.698628955
(7, 1),64.7857191761
(66, 1),236.455813841
(90, 2),340.697283256
(19, 2),369.058024046
(43, 1),312.977196658
(130, 3),335.696927231
(228, 3),355.138405247
(118, 1),371.981839228
(229, 2),378.387329673
(71, 2),368.971202458
(95, 1),252.034591817
(182, 3),353.363087128
(269, 1),357.643516897
(8, 3),301.716506553
(9, 2),103.236276996
(107, 2),345.563017101
(218, 3),327.541148523
(305, 1),322.500300825
(60, 3),331.580348311
(65, 1),326.883402462
(14, 3),341.022858091
(96, 3),332.448681728
(217, 1),313.15907493
(263, 3),311.598065412
(50, 3),353.242058828
(212, 1),319.254274711
(299, 3),321.479463993
(102, 3),334.508947765
(189, 1),345.755596572
(248, 1),326.229254646
(288, 2),319.362294513
(289, 3),322.649279852
(44, 1),283.603480498
(131, 3),350.490951143
(21, 1),205.420790257
(80, 1),328.405591051
(183, 3),374.973458366
(270, 1),367.270239144
(294, 2),320.526440665
(57, 1),246.026168827
(117, 1),301.174532738
(219, 3),374.705573078
(306, 1),225.999842386
(259, 2),339.174450444
(288, 1),299.854144704
(15, 3),371.210401892
(208, 2),321.334327791
(209, 3),349.978284613
(51, 3),378.043633582
(4, 2),361.68865103
(300, 3),318.333898175
(5, 3),110.556938102
(103, 3),340.801831236
(190, 1),314.84704735
(214, 2),335.417823529
(301, 2),319.405494113
(40, 2),337.813543671
(143, 2),345.913906266
(167, 1),217.481575145
(41, 3),347.345981065
(226, 1),321.157280264
(250, 2),391.510848128
(92, 2),333.228643891
(203, 1),333.609012161
(290, 3),357.896597791
(132, 3),336.778901664
(93, 3),350.721689278
(22, 1),124.803505162
(46, 2),343.45007188
(231, 2),314.266260495
(255, 1),312.516993953
(168, 3),328.967747394
(58, 1),355.067181705
(82, 2),331.311200514
(11, 2),343.643184071
(220, 3),348.915737992
(284, 1),354.267659241
(63, 2),345.824520927
(261, 1),325.313271335
(264, 2),331.791678422
(1, 2),376.726975458
(209, 2),309.91936729
(210, 3),384.885760579
(297, 1),293.093180412
(52, 3),346.497764784
(53, 2),358.884460527
(6, 3),298.787744079
(89, 2),335.605041987
(42, 3),349.252521864
(129, 1),312.493259594
(204, 1),349.721409782
(291, 3),324.686685747
(94, 3),371.429505255
(240, 1),325.880750001
(280, 2),333.592781006
(281, 3),372.050017148
(36, 1),289.987229634
(13, 1),63.8966841212
(72, 1),354.392148205
(262, 1),376.994638516
(286, 2),336.224574834
(211, 3),352.766579829
(298, 1),363.235939184
(275, 1),325.072978397
