(7, 3),311.301971325
(200, 2),300.046395665
(303, 2),269.111830693
(201, 3),291.478481964
(43, 3),291.058442393
(130, 1),316.173735802
(154, 2),290.681428617
(252, 2),307.135155989
(292, 3),282.299419093
(253, 3),300.474263597
(95, 3),305.818430468
(182, 1),222.083325482
(206, 2),306.061476301
(293, 2),291.624172682
(218, 1),290.445059464
(242, 2),319.442272775
(84, 2),281.6039247
(195, 1),301.248950829
(282, 3),274.526648788
(14, 1),323.023340163
(38, 2),256.389007331
(120, 2),300.401814132
(223, 2),332.756763999
(247, 1),304.44581705
(50, 1),330.749173432
(256, 1),331.976484063
(3, 2),53.3724800474
(212, 3),291.910379377
(102, 1),271.419782858
(213, 2),300.724508281
(55, 2),292.37256922
(79, 1),233.462143303
(248, 3),293.72143901
(249, 2),300.208433415
(91, 2),326.115676593
(115, 1),306.673374366
(202, 3),298.937332041
(289, 1),261.995256425
(44, 3),305.294092256
(45, 2),308.558278174
(254, 3),297.973029263
(80, 3),281.654813525
(81, 2),307.825276241
(156, 1),279.781067406
(196, 1),298.789266303
(283, 3),321.961351402
(237, 1),326.910318801
(232, 1),301.826533402
(209, 1),320.486869806
(273, 3),296.723740612
(5, 1),-1
(64, 1),232.955292356
(167, 3),274.194667541
(278, 2),299.468543775
(41, 1),200.212266053
(116, 1),257.616837678
(203, 3),305.344771779
(290, 1),285.395134765
(156, 2),314.917170372
(267, 1),306.140804558
(255, 3),299.956622831
(192, 2),283.976605931
(295, 2),276.684356496
(193, 3),311.614469725
(244, 2),308.436405432
(284, 3),307.394825689
(245, 3),296.897722809
(198, 2),296.469740815
(285, 2),311.988762932
(210, 1),315.625089315
(234, 2),317.485172761
(76, 2),259.056607362
(187, 1),297.694596054
(274, 3),302.126267769
(77, 3),323.011493644
(6, 1),310.103187096
(215, 2),303.028580305
(239, 1),301.178522618
(42, 1),220.478788556
(66, 2),249.468720127
(251, 2),316.247737814
(19, 1),317.268293924
(204, 3),311.255890204
(94, 1),205.195052432
(118, 2),241.997046966
(268, 1),302.871411795
(47, 2),294.386204428
(71, 1),250.546808859
(240, 3),299.684821701
(304, 1),259.451969648
(83, 2),286.396898094
(107, 1),242.033861355
(194, 3),318.026903433
(281, 1),294.726596423
(36, 3),324.051144484
(69, 1),186.365867895
(37, 2),323.96591834
(246, 3),288.857719586
(72, 3),328.064921309
(284, 2),286.016293481
(229, 2),299.622353173
(188, 1),297.665450295
(275, 3),321.696123104
(78, 3),311.64229972
(224, 1),296.583847373
(201, 1),299.766642215
(265, 3),311.458829369
(20, 1),123.710280917
(253, 1),300.658174402
(56, 1),276.365811238
(270, 2),331.81093052
(105, 1),257.42297177
(108, 1),300.289579375
(195, 3),322.874947498
(282, 1),276.676283384
(306, 2),279.951382832
(259, 1),302.153625136
(247, 3),290.40526774
(184, 2),289.152768749
(287, 2),310.046838403
(185, 3),290.815740951
(236, 2),326.107069431
(276, 3),302.059317103
(237, 3),307.821590914
(79, 3),293.578757152
(190, 2),299.889376547
(277, 2),304.990974772
(16, 2),196.766857977
(143, 1),260.63395212
(17, 3),217.289125435
(115, 3),310.299027552
(202, 1),288.895069903
(226, 2),291.952239092
(68, 2),314.333538144
(155, 2),294.524095599
(266, 3),296.189864528
(69, 3),305.193610967
(254, 1),316.90133061
(22, 2),192.064583935
(104, 2),262.418910846
(207, 2),302.582411663
(231, 1),282.01400713
(144, 3),303.077797149
(105, 3),239.450596094
(58, 2),288.78889329
(243, 2),297.787355123
(11, 1),75.9354063061
(196, 3),291.490411767
(260, 1),292.365399971
(39, 2),303.118965406
(63, 1),247.761840369
(232, 3),305.882155577
(268, 2),327.066376318
(233, 2),310.198776289
(276, 1),295.741112073
(186, 3),304.259439786
(273, 1),318.118654096
(238, 3),310.007319073
(64, 3),303.452395665
(65, 2),287.677347507
(18, 3),313.755134516
(116, 3),295.343102941
(117, 2),278.811472212
(267, 3),313.852738897
(70, 3),308.064872841
(216, 1),335.057354405
(106, 3),266.615881312
(193, 1),292.038330156
(257, 3),295.672713334
(12, 1),328.796810895
(263, 3),310.822917921
(245, 1),290.701290402
(241, 1),295.390197935
(48, 1),222.843015199
(262, 2),342.773294747
(187, 3),312.865158668
(274, 1),304.27198423
(298, 2),317.33195504
(77, 1),271.328868894
(141, 3),290.934477735
(239, 3),306.378954326
(279, 2),319.471732145
(303, 1),367.113928193
(19, 3),265.016081242
(130, 2),278.459440477
(228, 2),288.558831842
(268, 3),300.067807138
(229, 3),305.389808386
(71, 3),288.37996159
(182, 2),301.603892669
(269, 2),303.484065579
(8, 2),89.9043440524
(304, 3),289.189573821
(9, 3),105.913100695
(107, 3),301.18702612
(194, 1),295.559755985
(218, 2),292.996153285
(305, 2),319.011672183
(60, 2),295.952529606
(258, 3),303.668368895
(246, 1),307.400475103
(14, 2),245.281233922
(96, 2),250.971900909
(199, 2),296.646617167
(223, 1),298.570708387
(50, 2),303.942370501
(197, 2),308.902411016
(235, 2),304.230527417
(3, 1),318.066174408
(188, 3),325.000757412
(300, 1),251.541614291
(78, 1),210.223244491
(102, 2),282.288873673
(189, 2),301.294343947
(55, 1),244.282212891
(142, 3),259.577843412
(224, 3),316.97556901
(288, 1),332.307982862
(67, 2),250.32289392
(91, 1),187.233293526
(265, 1),293.460778628
(20, 3),304.712022956
(21, 2),248.414193044
(119, 2),321.915788201
(230, 3),298.308033471
(56, 3),281.921347163
(57, 2),322.710401574
(10, 3),28.1308459523
(108, 3),298.79828364
(144, 1),275.296173301
(259, 3),295.451132143
(225, 1),333.864014373
(208, 1),294.987305985
(185, 1),321.911255263
(4, 1),35.2064415354
(300, 2),278.132039161
(301, 3),290.565670168
(40, 1),277.448441896
(143, 3),288.737823614
(17, 1),319.214916128
(92, 1),274.83163212
(266, 1),327.095303827
(290, 2),284.918376807
(132, 2),320.738770998
(231, 3),291.761196224
(168, 2),308.112660977
(271, 2),303.080387848
(295, 1),255.308118634
(11, 3),242.25851413
(220, 2),304.453409412
(307, 2),295.041811349
(260, 3),300.378046896
(221, 3),292.941882398
(63, 3),322.277881385
(261, 2),308.853666119
(1, 3),86.010598595
(186, 1),293.36880883
(210, 2),306.432718628
(297, 2),301.138103158
(52, 2),307.570976692
(53, 3),264.80284769
(238, 1),345.183674923
(6, 2),94.4863693322
(191, 2),330.180219381
(215, 1),334.75329817
(302, 3),315.84136586
(128, 3),233.874079871
(89, 3),329.090214874
(18, 1),100.333343592
(42, 2),322.4512138
(129, 2),320.53966855
(227, 2),304.81199906
(251, 1),297.596855555
(180, 3),300.204797819
(70, 1),260.767025279
(94, 2),323.178325139
(23, 2),167.148751668
(47, 1),329.958555957
(216, 3),305.772379962
(106, 1),261.095009832
(280, 1),325.140338001
(59, 2),331.162893561
(83, 1),196.938816733
(257, 1),299.773088083
(12, 3),247.833063238
(128, 1),323.050115455
(13, 2),218.659852652
(222, 3),303.742959816
(48, 3),320.752899184
(272, 2),309.806582681
(217, 2),308.750414844
(54, 3),267.175596121
(141, 1),243.18702645
(200, 1),313.446400919
(303, 3),225.132687139
(90, 3),336.014587436
(252, 1),304.931352264
(229, 1),297.855461351
(293, 3),261.285348845
(9, 1),26.1530598042
(180, 1),293.749878644
(84, 1),325.805419161
(258, 1),317.254189071
(282, 2),276.844270942
(120, 1),276.063034421
(223, 3),296.604983674
(263, 2),300.401315014
(287, 1),300.135717497
(3, 3),110.342043106
(212, 2),297.784696731
(299, 2),289.703349394
(213, 3),298.73910011
(55, 3),326.663410813
(142, 1),232.667470384
(248, 2),313.244012197
(288, 3),262.34540109
(249, 3),311.896612401
(91, 3),287.391263044
(202, 2),315.272529097
(289, 2),284.871140243
(44, 2),311.909021788
(131, 2),319.456721395
(155, 1),241.032006502
(45, 3),251.332132393
(230, 1),305.574913627
(254, 2),298.737738852
(80, 2),320.795911817
(183, 2),288.897096299
(207, 1),301.749730804
(294, 3),295.766590768
(81, 3),289.960848908
(10, 1),-1
(219, 2),321.05573016
(243, 1),302.062009677
(15, 2),195.427207496
(39, 1),263.479311036
(208, 3),291.094113819
(256, 2),313.779560251
(209, 2),295.100476332
(201, 2),313.587269532
(51, 2),260.741917008
(4, 3),27.710096952
(5, 2),303.383727874
(103, 2),271.011816649
(214, 3),300.262216534
(301, 1),263.479670213
(40, 3),305.90077972
(41, 2),287.615240841
(250, 3),314.416757205
(92, 3),300.781910219
(93, 2),291.690575731
(46, 3),314.982424524
(192, 1),315.913566183
(295, 3),313.050805533
(82, 3),319.488509419
(93, 1),237.934158829
(244, 1),312.118199305
(221, 1),309.684927768
(285, 3),313.091117782
(1, 1),56.2703157939
(76, 1),237.178007383
(274, 2),320.682535603
(53, 1),304.844663041
(215, 3),299.859824225
(302, 1),434.114776588
(89, 1),186.939971835
(279, 1),297.2347781
(251, 3),304.620451251
(204, 2),304.77468223
(291, 2),284.694661897
(205, 3),307.06558902
(47, 3),299.672262473
(240, 2),303.161845121
(280, 3),296.566494551
(241, 3),305.997289017
(83, 3),318.035705577
(194, 2),295.811204214
(281, 2),328.295297649
(36, 2),278.918664313
(37, 3),296.336747107
(222, 1),308.959147324
(246, 2),296.581477497
(72, 2),295.316431896
(199, 1),317.553531585
(286, 3),289.449598378
(211, 2),301.175318946
(235, 1),319.273112327
(54, 1),269.787019897
(78, 2),272.645025956
(7, 2),35.7432757004
(200, 3),302.6171742
(90, 1),271.477012016
(264, 1),294.654110451
(43, 2),320.834811534
(67, 1),237.653240219
(154, 3),301.391747223
(252, 3),304.153325192
(253, 2),300.620432859
(95, 2),277.492475896
(119, 1),253.827627975
(206, 3),304.879661341
(293, 1),239.808956828
(242, 3),309.016000526
(84, 3),296.490024998
(38, 3),298.535148928
(120, 3),296.337365196
(292, 2),280.04787764
(184, 1),293.616713241
(287, 3),268.959862164
(236, 1),297.159636574
(213, 1),294.557521851
(277, 3),293.68001122
(16, 1),156.635263585
(249, 1),304.816952814
(68, 1),248.98495016
(155, 3),317.870180482
(266, 2),309.926384148
(45, 1),292.411392872
(104, 1),226.945211297
(207, 3),300.609097815
(294, 1),266.67194932
(144, 2),303.743621502
(271, 1),314.816899182
(243, 3),295.876404614
(196, 2),318.137365045
(283, 2),292.91178956
(307, 1),283.58739557
(197, 3),295.043559442
(39, 3),298.558870214
(232, 2),325.264086477
(272, 3),295.614634917
(233, 3),300.349543893
(186, 2),296.546462948
(273, 2),297.284597185
(214, 1),323.89846021
(238, 2),297.252279672
(64, 2),285.28636135
(167, 2),315.367709989
(191, 1),296.27159749
(278, 3),308.038475636
(65, 3),305.632674837
(250, 1),302.233843469
(18, 2),181.42659025
(116, 2),314.875859765
(203, 2),347.387743221
(227, 1),307.281488559
(156, 3),287.164833444
(117, 3),300.729648719
(46, 1),264.883034561
(70, 2),264.418218811
(255, 2),290.794625022
(23, 1),161.207176186
(192, 3),298.366117327
(82, 1),246.089267544
(106, 2),335.25665554
(193, 2),291.016839162
(59, 1),226.546429646
(244, 3),307.258336834
(69, 2),327.866025719
(245, 2),303.345376591
(198, 3),298.812112654
(285, 1),349.590051711
(276, 2),323.525284722
(221, 2),322.045782892
(234, 3),307.389089359
(76, 3),301.786592923
(77, 2),258.265635858
(279, 3),297.923736328
(66, 3),302.928754191
(228, 1),314.4460797
(118, 3),314.566891388
(205, 1),308.472169015
(269, 3),302.232738498
(8, 1),305.052140511
(304, 2),309.739227219
(105, 2),324.646117319
(305, 3),278.729130031
(60, 1),272.766475349
(258, 2),300.927470141
(37, 1),298.654915482
(96, 1),282.551593364
(199, 3),302.55569967
(286, 1),303.291317664
(263, 1),294.795869836
(235, 3),316.059122893
(188, 2),300.138934885
(275, 2),293.428935797
(299, 1),401.114888946
(189, 3),303.666894952
(142, 2),323.209166432
(224, 2),296.810551
(264, 3),338.291652787
(225, 3),287.573873681
(67, 3),321.476548609
(154, 1),267.194417479
(265, 2),317.160258139
(20, 2),192.091996398
(131, 1),246.101909662
(21, 3),210.740571646
(119, 3),309.479172664
(206, 1),315.112236389
(230, 2),328.029636487
(56, 2),308.998327427
(183, 1),290.445313927
(270, 3),299.943720596
(57, 3),274.967882422
(242, 1),302.836936459
(10, 2),312.099141791
(108, 2),278.677454505
(195, 2),306.418552181
(219, 1),300.335587274
(306, 3),281.37591649
(38, 1),325.753232444
(247, 2),289.009514457
(15, 1),123.649556684
(184, 3),315.2343682
(260, 2),326.104904774
(185, 2),294.105031988
(205, 2),306.838564308
(51, 1),300.399926997
(236, 3),297.431413552
(237, 2),308.96525611
(79, 2),326.314637261
(103, 1),289.651510684
(190, 3),323.211277884
(277, 1),291.646623401
(16, 3),306.714233991
(17, 2),164.491076679
(115, 2),276.307327056
(226, 3),314.834300645
(68, 3),286.674265036
(132, 1),201.464748889
(22, 3),322.91513205
(104, 3),302.048825537
(168, 1),249.75854722
(271, 3),302.201269864
(58, 3),298.186258262
(81, 1),283.058786388
(220, 1),306.527068578
(307, 3),279.826849675
(197, 1),298.08009337
(261, 3),296.999221889
(241, 2),293.864435162
(233, 1),299.982096014
(297, 3),308.171321299
(52, 1),303.011740018
(191, 3),298.673696722
(278, 1),316.490515263
(302, 2),315.569760453
(65, 1),246.187138667
(129, 3),284.56774343
(227, 3),328.898485097
(180, 2),294.57988469
(267, 2),300.606530995
(291, 1),264.896543082
(23, 3),337.047015821
(216, 2),307.194778697
(256, 3),299.465250225
(217, 3),284.434913501
(59, 3),284.737322768
(257, 2),299.004055472
(12, 2),211.710516956
(13, 3),302.310666415
(198, 1),319.049929803
(222, 2),305.564684111
(48, 2),300.496582227
(262, 3),304.73331433
(234, 1),306.119491709
(187, 2),319.877639368
(211, 1),297.195725725
(298, 3),310.964459903
(54, 2),334.46440945
(141, 2),328.014493863
(239, 2),298.173731711
(7, 1),-1
(66, 1),265.285184203
(90, 2),266.098645697
(19, 2),237.294800433
(43, 1),298.610858771
(130, 3),268.902096221
(228, 3),288.434593722
(118, 1),256.998471403
(292, 1),304.411296216
(71, 2),307.911853001
(95, 1),316.535057539
(182, 3),297.558852315
(269, 1),324.82654946
(8, 3),191.888961983
(9, 2),320.752003183
(107, 2),321.868824896
(218, 3),293.18766083
(305, 1),192.343433061
(60, 3),322.991118716
(128, 2),279.431112519
(14, 3),167.083049375
(96, 3),327.332868778
(280, 2),311.210835173
(225, 2),295.257152673
(50, 3),300.725625514
(212, 1),297.815712137
(299, 3),269.170120415
(102, 3),302.806353567
(189, 1),302.973301037
(248, 1),298.400203143
(288, 2),283.319840753
(289, 3),309.320302395
(44, 1),207.407817958
(131, 3),293.208928377
(21, 1),312.084691493
(80, 1),190.171042038
(183, 3),319.883830677
(270, 1),308.471944764
(294, 2),286.615093346
(57, 1),290.257832523
(117, 1),244.922158358
(219, 3),299.076473416
(306, 1),364.124916743
(259, 2),306.242649719
(283, 1),288.882631833
(15, 3),316.619257855
(208, 2),307.11904651
(209, 3),291.206998087
(51, 3),305.403120396
(4, 2),321.288466961
(300, 3),307.399812505
(5, 3),32.0382324733
(103, 3),310.177972071
(190, 1),299.048797834
(214, 2),295.832694072
(301, 2),307.674836991
(40, 2),288.034351247
(143, 2),320.847974692
(167, 1),207.285851423
(41, 3),310.850206047
(226, 1),305.633846218
(250, 2),299.479608896
(92, 2),273.146889631
(203, 1),294.595809255
(290, 3),286.929954154
(132, 3),268.103740184
(93, 3),315.589845322
(22, 1),36.8382008158
(46, 2),278.346546212
(231, 2),315.884528397
(255, 1),345.77291616
(168, 3),327.419889968
(58, 1),254.733093676
(82, 2),275.44312776
(11, 2),314.757509315
(220, 3),289.661371629
(284, 1),282.993415911
(63, 2),255.698044015
(261, 1),294.184615512
(264, 2),307.621440612
(1, 2),316.028051922
(272, 1),305.612016754
(210, 3),314.970339591
(297, 1),299.537567676
(52, 3),317.779129224
(53, 2),297.719000392
(6, 3),27.2973780342
(89, 2),266.045445155
(42, 3),277.199427267
(129, 1),264.937848937
(204, 1),340.877672241
(291, 3),290.990892837
(94, 3),284.845469543
(240, 1),302.095936196
(217, 1),309.486942885
(281, 3),291.903906318
(36, 1),268.876701994
(13, 1),210.322601325
(72, 1),246.596789604
(262, 1),304.861602086
(286, 2),293.299049709
(211, 3),320.791633307
(298, 1),264.694912988
(275, 1),294.178335014
