(7, 3),303.042646921
(200, 2),303.541992428
(303, 2),282.837108189
(201, 3),301.025010132
(43, 3),287.53076199
(130, 1),318.987356586
(154, 2),284.465344727
(252, 2),308.878829646
(292, 3),303.636700489
(253, 3),296.29297359
(95, 3),320.229135055
(182, 1),204.21099591
(206, 2),310.015220802
(293, 2),352.108644354
(218, 1),310.276233348
(242, 2),308.109772093
(84, 2),273.561147693
(195, 1),313.100802258
(282, 3),319.098672401
(14, 1),305.423709291
(38, 2),218.996070318
(120, 2),327.944368938
(223, 2),310.244133893
(247, 1),296.293312509
(50, 1),305.899441143
(256, 1),300.381996839
(3, 2),25.0244889746
(212, 3),296.684456775
(102, 1),229.486582003
(213, 2),292.303557084
(55, 2),272.263266996
(79, 1),190.932316818
(248, 3),292.40655421
(249, 2),303.375693214
(91, 2),328.765361868
(115, 1),308.01014005
(202, 3),302.42794217
(289, 1),269.715458987
(44, 3),288.635818434
(45, 2),313.119425228
(254, 3),333.716470952
(80, 3),242.641738552
(81, 2),332.086237431
(156, 1),268.048998285
(196, 1),301.267353253
(283, 3),284.823468386
(237, 1),297.924620435
(232, 1),289.931884361
(209, 1),305.351234101
(273, 3),300.921136357
(5, 1),-1
(64, 1),232.955292356
(167, 3),262.72093402
(278, 2),307.072298878
(41, 1),191.347658753
(116, 1),234.527672336
(203, 3),301.17630236
(290, 1),298.928518618
(156, 2),328.577598089
(267, 1),325.479062384
(255, 3),324.332464058
(192, 2),303.293835062
(295, 2),300.686675038
(193, 3),308.830482579
(244, 2),345.119928079
(284, 3),298.518855496
(245, 3),294.928567079
(198, 2),307.844465653
(285, 2),302.195175993
(210, 1),343.824535665
(234, 2),306.874983592
(76, 2),244.952116802
(187, 1),328.535973202
(274, 3),321.778563765
(77, 3),323.858915712
(6, 1),301.528827509
(215, 2),321.008045817
(239, 1),332.329350964
(42, 1),183.125300641
(66, 2),232.337672473
(251, 2),305.157884958
(19, 1),317.169014147
(204, 3),326.358531117
(94, 1),178.408781891
(118, 2),230.585912633
(268, 1),294.614300992
(47, 2),251.076010856
(71, 1),234.065005903
(240, 3),326.364838124
(304, 1),243.2518006
(83, 2),324.996611996
(107, 1),235.103007606
(194, 3),296.078107612
(281, 1),307.802025641
(36, 3),318.442342106
(69, 1),123.200485158
(37, 2),306.858770487
(246, 3),302.503064116
(72, 3),320.713209634
(284, 2),315.220670294
(229, 2),333.866279194
(188, 1),320.064517912
(275, 3),312.913266325
(78, 3),328.328875117
(224, 1),331.594944349
(201, 1),308.657195438
(265, 3),289.111106806
(20, 1),98.6795804157
(253, 1),310.979255265
(56, 1),247.758318327
(270, 2),296.980099552
(105, 1),221.963394131
(108, 1),330.296098591
(195, 3),333.495769493
(282, 1),299.326818468
(306, 2),306.309133997
(259, 1),290.026150139
(247, 3),316.52368358
(184, 2),301.172880366
(287, 2),302.49393881
(185, 3),314.535945422
(236, 2),301.630666448
(276, 3),311.967115371
(237, 3),304.116850634
(79, 3),273.103357654
(190, 2),315.927240812
(277, 2),300.634605547
(16, 2),155.930244124
(143, 1),253.234249201
(17, 3),189.199176993
(115, 3),287.338168335
(202, 1),297.898345051
(226, 2),309.77263496
(68, 2),315.593326641
(155, 2),281.670866238
(266, 3),295.71441587
(69, 3),275.517950022
(254, 1),304.276872796
(22, 2),192.064583935
(104, 2),248.720474121
(207, 2),303.788810018
(231, 1),304.630657851
(144, 3),300.363289294
(105, 3),182.739585828
(58, 2),261.536158058
(243, 2),319.14558078
(11, 1),51.3264889567
(196, 3),330.819602215
(260, 1),304.130296033
(39, 2),312.889672421
(63, 1),227.593922544
(232, 3),315.06805725
(268, 2),341.453318116
(233, 2),304.264909394
(276, 1),300.167081784
(186, 3),296.155370307
(273, 1),341.646512368
(238, 3),295.602484393
(64, 3),312.536849198
(65, 2),260.21821823
(18, 3),314.131546256
(116, 3),280.951443093
(117, 2),259.158764652
(267, 3),303.621274526
(70, 3),309.82404049
(216, 1),302.922207851
(106, 3),245.538783942
(193, 1),302.438634978
(257, 3),297.507570944
(12, 1),323.067207876
(263, 3),318.152704974
(245, 1),324.354124879
(241, 1),299.629668005
(48, 1),189.754076853
(262, 2),312.617177402
(187, 3),310.203055156
(274, 1),300.8822561
(298, 2),313.523946798
(77, 1),245.379068748
(141, 3),262.511569337
(239, 3),312.232813191
(279, 2),292.032802248
(303, 1),219.892503541
(19, 3),241.603564744
(130, 2),270.976092945
(228, 2),307.878286819
(268, 3),295.448752941
(229, 3),298.186841138
(71, 3),338.652549432
(182, 2),307.749110339
(269, 2),304.771785194
(8, 2),54.7788423545
(304, 3),264.103401172
(9, 3),105.913100695
(107, 3),259.550771167
(194, 1),324.19944202
(218, 2),300.407304956
(305, 2),302.373379074
(60, 2),278.517024316
(258, 3),299.624973595
(246, 1),313.117041103
(14, 2),238.434886857
(96, 2),250.061269934
(199, 2),301.304447475
(223, 1),323.848700376
(50, 2),309.70898389
(197, 2),310.921696103
(235, 2),318.97474021
(3, 1),311.867225495
(188, 3),297.975814239
(300, 1),295.709671958
(78, 1),210.223244491
(102, 2),249.180013794
(189, 2),312.353224435
(55, 1),223.269033156
(142, 3),249.613952875
(224, 3),309.01616346
(288, 1),292.70846276
(67, 2),234.615617281
(91, 1),172.756585541
(265, 1),325.515993011
(20, 3),321.195492371
(21, 2),185.322929334
(119, 2),329.639212466
(230, 3),305.428504419
(56, 3),274.906264595
(57, 2),318.6682677
(10, 3),-1
(108, 3),291.54983712
(144, 1),245.776929844
(259, 3),293.242715346
(225, 1),325.31691953
(208, 1),310.179258387
(185, 1),306.003816419
(4, 1),35.2064415354
(300, 2),300.399081001
(301, 3),301.569808017
(40, 1),258.025444012
(143, 3),227.012423326
(17, 1),324.464895373
(92, 1),255.597991192
(266, 1),320.306259083
(290, 2),318.646190105
(132, 2),316.436903671
(231, 3),305.732900234
(168, 2),276.087571117
(271, 2),290.607846048
(295, 1),279.498185502
(11, 3),232.149383517
(220, 2),306.325648706
(307, 2),274.092366711
(260, 3),309.824238797
(221, 3),312.361707977
(63, 3),313.779641172
(261, 2),307.078296409
(1, 3),65.2769955906
(186, 1),334.841878505
(210, 2),297.003490153
(297, 2),303.864087985
(52, 2),291.569634657
(53, 3),248.934417076
(238, 1),296.86694571
(6, 2),94.4863693322
(191, 2),306.324283354
(215, 1),297.807106948
(302, 3),279.391227366
(128, 3),209.779364902
(89, 3),318.904894655
(18, 1),80.7057855598
(42, 2),316.915341945
(129, 2),329.679787703
(227, 2),312.844964368
(251, 1),300.426238639
(180, 3),296.101317388
(70, 1),238.935560183
(94, 2),344.523728009
(23, 2),148.000947092
(47, 1),304.84048372
(216, 3),329.813335285
(106, 1),236.314203945
(280, 1),297.438008591
(59, 2),311.934163946
(83, 1),183.196373427
(257, 1),319.570438644
(12, 3),242.334702691
(128, 1),324.388495009
(13, 2),182.459713349
(222, 3),319.993303757
(48, 3),263.649278911
(272, 2),302.237890988
(217, 2),302.823042931
(54, 3),253.293555956
(141, 1),222.735473882
(200, 1),291.111235962
(303, 3),298.372537577
(90, 3),327.763144885
(252, 1),313.086866231
(229, 1),304.924084186
(293, 3),292.051864786
(9, 1),-1
(180, 1),300.951332905
(84, 1),340.748388839
(258, 1),303.430873296
(282, 2),306.923074533
(120, 1),225.904514546
(223, 3),299.023988096
(263, 2),309.682233674
(287, 1),303.153743139
(3, 3),85.2339508201
(212, 2),311.296428901
(299, 2),302.957463479
(213, 3),304.873830195
(55, 3),334.699623161
(142, 1),173.435437702
(248, 2),304.96682644
(288, 3),290.064577852
(249, 3),297.524948675
(91, 3),263.77485924
(202, 2),331.136374697
(289, 2),251.84517243
(44, 2),311.479042259
(131, 2),336.735859988
(155, 1),205.013130502
(45, 3),216.334532531
(230, 1),320.881617496
(254, 2),309.303210102
(80, 2),320.088049187
(183, 2),293.63373356
(207, 1),326.724507568
(294, 3),295.500873573
(81, 3),283.754811304
(10, 1),-1
(219, 2),307.708648078
(243, 1),302.182387691
(15, 2),175.987590357
(39, 1),238.789718387
(208, 3),310.296545614
(256, 2),321.811043992
(209, 2),308.606791227
(201, 2),326.40111153
(51, 2),211.908522719
(4, 3),27.710096952
(5, 2),309.155312247
(103, 2),268.605560716
(214, 3),313.244287153
(301, 1),275.810294831
(40, 3),322.434138272
(41, 2),255.722931518
(250, 3),307.394010926
(92, 3),323.541081848
(93, 2),277.688131348
(46, 3),309.447945727
(192, 1),324.214170993
(295, 3),300.792286889
(82, 3),334.240465204
(93, 1),213.550827357
(244, 1),300.015240427
(221, 1),297.764598728
(285, 3),314.835848133
(1, 1),27.5430923464
(76, 1),210.853568611
(274, 2),296.46999549
(53, 1),334.750370422
(215, 3),309.808891573
(302, 1),293.626281289
(89, 1),160.289128146
(279, 1),294.822046968
(251, 3),343.712453815
(204, 2),310.743562317
(291, 2),304.45997649
(205, 3),298.824388096
(47, 3),299.367603119
(240, 2),294.583700201
(280, 3),298.166352458
(241, 3),302.931475263
(83, 3),283.731373852
(194, 2),297.947961207
(281, 2),309.506040079
(36, 2),265.565987152
(37, 3),283.872029561
(222, 1),302.413230244
(246, 2),305.041634474
(72, 2),274.208082635
(199, 1),302.462550925
(286, 3),325.067566353
(211, 2),298.617101098
(235, 1),318.045121463
(54, 1),248.013729063
(78, 2),250.324523372
(7, 2),35.7432757004
(200, 3),309.379936769
(90, 1),268.881897233
(264, 1),306.979903697
(43, 2),309.879558863
(67, 1),208.637581632
(154, 3),327.51815463
(252, 3),316.902806331
(253, 2),298.332512014
(95, 2),245.434191854
(119, 1),232.35726384
(206, 3),297.369182225
(293, 1),288.293720201
(242, 3),299.983780122
(84, 3),279.387285896
(38, 3),267.983141948
(120, 3),267.416432606
(292, 2),357.851557084
(184, 1),300.575417938
(287, 3),321.156849437
(236, 1),319.875037748
(213, 1),304.535509159
(277, 3),328.21550978
(16, 1),138.867130244
(249, 1),297.21876826
(68, 1),213.928691731
(155, 3),325.63666402
(266, 2),309.469006226
(45, 1),263.664112854
(104, 1),176.949687969
(207, 3),299.27308326
(294, 1),308.454387688
(144, 2),327.311166372
(271, 1),318.589095536
(243, 3),313.673748642
(196, 2),304.716673093
(283, 2),298.235532881
(307, 1),296.694202021
(197, 3),311.910261736
(39, 3),267.52718518
(232, 2),286.152227826
(272, 3),300.670642476
(233, 3),299.889501013
(186, 2),306.92143362
(273, 2),305.780120435
(214, 1),311.408114668
(238, 2),309.967402156
(64, 2),293.566679111
(167, 2),314.653833706
(191, 1),303.401306247
(278, 3),316.528862771
(65, 3),324.386458803
(250, 1),333.56820688
(18, 2),143.509043627
(116, 2),322.182245859
(203, 2),303.951330162
(227, 1),306.185756717
(156, 3),270.906032644
(117, 3),333.559601955
(46, 1),264.883034561
(70, 2),249.61296674
(255, 2),301.038693486
(23, 1),161.207176186
(192, 3),309.11717784
(82, 1),190.94680284
(106, 2),311.862388665
(193, 2),304.035556542
(59, 1),209.199455791
(244, 3),301.553942501
(69, 2),323.985508559
(245, 2),300.577108184
(198, 3),299.713106993
(285, 1),303.600393124
(276, 2),304.304821689
(221, 2),304.702509862
(234, 3),294.724466068
(76, 3),338.280739495
(77, 2),241.570344722
(279, 3),328.273294758
(66, 3),309.108069466
(228, 1),294.994718412
(118, 3),316.76443817
(205, 1),329.086326308
(269, 3),312.165385134
(8, 1),301.923795925
(304, 2),299.988281884
(105, 2),316.472484205
(305, 3),303.30955921
(60, 1),246.313003885
(258, 2),329.377400187
(37, 1),321.565539329
(96, 1),266.56365145
(199, 3),313.383603809
(286, 1),292.64716825
(263, 1),305.936836861
(235, 3),310.572362194
(188, 2),308.827567029
(275, 2),314.474619117
(299, 1),290.33314078
(189, 3),312.904389809
(142, 2),341.416386023
(224, 2),316.94677665
(264, 3),300.544151373
(225, 3),306.951741849
(67, 3),332.110873775
(154, 1),249.692363376
(265, 2),308.082029396
(20, 2),192.091996398
(131, 1),203.132860471
(21, 3),197.096947
(119, 3),295.59941656
(206, 1),297.836884196
(230, 2),307.434823378
(56, 2),309.882414471
(183, 1),318.372689019
(270, 3),313.331203871
(57, 3),273.033339966
(242, 1),333.406185246
(10, 2),301.310480519
(108, 2),244.553920781
(195, 2),299.404863959
(219, 1),310.17286665
(306, 3),306.293889563
(38, 1),318.894422607
(247, 2),302.791580999
(15, 1),101.544153342
(184, 3),332.941202309
(260, 2),316.712448646
(185, 2),304.350658865
(205, 2),306.368976225
(51, 1),326.238342747
(236, 3),311.44891754
(237, 2),300.158765017
(79, 2),303.861998546
(103, 1),266.464117857
(190, 3),319.473653252
(277, 1),300.110205064
(16, 3),340.792971423
(17, 2),164.491076679
(115, 2),249.353217067
(226, 3),301.891975989
(68, 3),282.30024455
(132, 1),156.262768703
(22, 3),330.00218776
(104, 3),322.858742411
(168, 1),203.649681521
(271, 3),299.581913808
(58, 3),322.000027033
(81, 1),257.790561257
(220, 1),321.733133902
(307, 3),244.35740787
(197, 1),306.202461216
(261, 3),310.738125547
(241, 2),319.000168798
(233, 1),291.759217133
(297, 3),321.939449425
(52, 1),334.75241629
(191, 3),337.423608832
(278, 1),347.064855545
(302, 2),291.284733649
(65, 1),241.86721457
(129, 3),259.598060393
(227, 3),309.432017076
(180, 2),326.734240862
(267, 2),303.479273877
(291, 1),310.60769851
(23, 3),308.920511393
(216, 2),297.6311452
(256, 3),307.976507772
(217, 3),310.704866743
(59, 3),263.221416813
(257, 2),305.429592852
(12, 2),179.709754793
(13, 3),320.500363556
(198, 1),316.193930684
(222, 2),303.543700294
(48, 2),310.112898378
(262, 3),333.74936534
(234, 1),298.550066195
(187, 2),309.284725744
(211, 1),298.089908377
(298, 3),299.990669348
(54, 2),298.345465089
(141, 2),308.335968922
(239, 2),309.149330526
(66, 1),261.566549275
(90, 2),250.903714174
(19, 2),237.294800433
(43, 1),302.291538587
(130, 3),265.85785219
(228, 3),317.035533661
(118, 1),212.232207392
(292, 1),380.912375238
(71, 2),279.978506797
(95, 1),310.515871998
(182, 3),289.919367055
(269, 1),326.155078074
(8, 3),173.521466765
(9, 2),306.015887354
(107, 2),320.547325923
(218, 3),311.548996251
(305, 1),306.441119039
(60, 3),315.990955347
(128, 2),243.060115121
(14, 3),108.528973346
(96, 3),316.398260967
(280, 2),318.450357875
(225, 2),307.772134759
(50, 3),277.68894386
(212, 1),295.796305824
(299, 3),274.31881627
(102, 3),319.841480067
(189, 1),324.56341239
(248, 1),310.113945018
(288, 2),334.316728183
(289, 3),305.172030151
(44, 1),174.080571678
(131, 3),268.414182168
(21, 1),310.38301152
(80, 1),161.084035921
(183, 3),300.061264039
(270, 1),301.252759279
(294, 2),322.740438961
(57, 1),284.49626926
(117, 1),212.029112978
(219, 3),320.004600654
(306, 1),295.007403743
(259, 2),308.306487516
(283, 1),285.885752343
(15, 3),313.005039954
(208, 2),309.940993486
(209, 3),333.273735753
(51, 3),302.041247376
(4, 2),306.278317059
(300, 3),353.744129834
(5, 3),32.0382324733
(103, 3),328.581635592
(190, 1),310.49366744
(214, 2),301.316329074
(301, 2),297.812525778
(40, 2),278.602823411
(143, 2),314.50843928
(167, 1),158.108559053
(41, 3),312.687731897
(226, 1),326.119269175
(250, 2),298.77353739
(92, 2),258.333742427
(203, 1),313.203415229
(290, 3),306.483137293
(132, 3),257.639471551
(93, 3),320.349951551
(22, 1),36.8382008158
(46, 2),261.423408131
(231, 2),339.616998879
(255, 1),307.863814108
(168, 3),318.788803376
(58, 1),226.730530886
(82, 2),254.604947922
(11, 2),315.700560537
(220, 3),293.565146345
(284, 1),234.071074825
(63, 2),252.776849659
(261, 1),339.852294263
(264, 2),320.32395626
(1, 2),333.281121417
(272, 1),328.205694054
(210, 3),303.413476472
(297, 1),494.639567769
(52, 3),304.669508305
(53, 2),302.191938462
(6, 3),27.2973780342
(89, 2),239.997074789
(42, 3),268.972650075
(129, 1),236.386558646
(204, 1),301.605090884
(291, 3),321.510217517
(94, 3),246.845099137
(240, 1),297.213212043
(217, 1),304.713113513
(281, 3),323.786236584
(36, 1),263.013286324
(13, 1),146.112670958
(72, 1),198.888988732
(262, 1),298.144609916
(286, 2),274.597798417
(211, 3),309.864620011
(298, 1),309.529035033
(275, 1),334.420449998
